Google Flu Trends - France
Copyright 2015 Google Inc.

Exported data may be used for any purpose, subject to the Google Terms of Service (http://www.google.com/accounts/TOS?hl=en_US).
If you choose to use the data, please attribute it to Google as follows: "Data Source: Google Flu Trends (http://www.google.org/flutrends)".

Each week begins on the Sunday (Pacific Time) indicated for the row.
Data for the current week will be updated each day until Saturday (Pacific Time).
Note: To open these files in a spreadsheet application, we recommend you save each text file as a CSV spreadsheet.
For more information, please visit http://www.google.org/flutrends

Date,France,Alsace,Aquitaine,Auvergne,Burgundy,Brittany,Centre,Champagne-Ardenne,Franche-Comte,Ile-de-France,Languedoc-Roussillon,Lorraine,Midi-Pyrenees,Nord-Pas-de-Calais,Normandy - Lower,Normandy - Upper,Pays de la Loire,Picardie,Poitou-Charentes,Provence-Alpes-Cote d'Azur,Rhône-Alpes
2003-09-28,25,,,,,,,,,19,,,,,,,,,,,
2003-10-05,25,,,,,,,,,20,,,,,,,,,,,
2003-10-12,30,,,,,,,,,21,,,,,,,,,,,
2003-10-19,81,,,,,,,,,65,,,,,,,,,,,
2003-10-26,82,,,,,,,,,51,,,,,,,,,,,92
2003-11-02,48,,,,,32,,,,37,,,,,,,,,,,122
2003-11-09,146,50,,,,77,,,,104,,,,75,,,34,,,36,130
2003-11-16,274,62,62,,,121,,,,199,,,30,149,,,63,,,49,259
2003-11-23,877,91,210,,,404,,,,805,,,140,363,,,191,,,198,664
2003-11-30,1282,318,574,,,684,,,,1050,,,572,413,,,284,,,683,1155
2003-12-07,634,351,401,,,274,,,,436,,,339,364,,,247,,,586,560
2003-12-14,457,255,281,,,196,,,,331,,,260,294,,,208,,,438,635
2003-12-21,275,213,218,,,125,,,,207,,,219,234,,,145,,,384,567
2003-12-28,154,163,162,,,116,,,,84,,,192,194,,,111,,,259,377
2004-01-04,71,129,115,,,103,,,,48,,,93,147,,,73,,,166,198
2004-01-11,44,88,80,,,64,,,,24,,,54,103,,,45,,,99,130
2004-01-18,29,66,53,,,46,,,,19,,,28,77,,,33,,,63,78
2004-01-25,30,49,43,,,33,,,,21,,,18,68,,,25,,,43,70
2004-02-01,32,48,33,,,29,,,,21,,,13,59,,,21,,,35,42
2004-02-08,22,43,29,,,24,,,,14,,,11,53,,,18,,,29,44
2004-02-15,23,34,25,,,22,,,,17,,,10,49,,,19,,,22,36
2004-02-22,31,34,27,,,23,,,,19,,,15,56,,,16,,,24,36
2004-02-29,16,35,23,,,23,,,,9,,,15,53,,,14,,,22,37
2004-03-07,18,37,21,,,24,,,,13,,,15,46,,,15,,,22,33
2004-03-14,14,36,22,,,22,,,,8,,,13,45,,,13,,,17,31
2004-03-21,15,36,20,,,20,,,,9,,,11,45,,,13,,,12,27
2004-03-28,15,38,17,,,18,,,,9,,,9,45,,,13,,,10,29
2004-04-04,9,33,18,,,15,,,,6,,,10,41,,,13,,,8,26
2004-04-11,11,30,17,,,14,,,,8,,,9,42,,,12,,,6,29
2004-04-18,7,32,14,,,11,,,,5,,,7,36,,,10,,,6,28
2004-04-25,8,28,13,,,10,,,,6,,,5,43,,,10,,,5,23
2004-05-02,11,24,11,,,12,,,,6,,,4,48,,,10,,,4,18
2004-05-09,9,20,11,,,11,,,,6,,,4,44,,,9,,,4,15
2004-05-16,5,20,10,,,9,,,,2,,,4,43,,,8,,,3,12
2004-05-23,7,17,11,,,9,,,,4,,,4,47,,,7,,,3,11
2004-05-30,8,14,9,,,9,,,,5,,,3,48,,,8,,,2,11
2004-06-06,6,13,9,,,9,,,,3,,,3,47,,,7,,,2,14
2004-06-13,4,12,10,,,9,,,,3,,,3,39,,,6,,,2,13
2004-06-20,4,11,9,,,9,,,,2,,,3,36,,,5,,,2,16
2004-06-27,4,10,9,,,8,,,,3,,,3,29,,,5,,,2,15
2004-07-04,5,9,8,,,6,,,,3,,,3,29,,,5,,,2,16
2004-07-11,5,9,7,,,6,,,,3,,,3,30,,,6,,,2,16
2004-07-18,5,8,7,,,5,,,,3,,,3,33,,,6,,,3,14
2004-07-25,4,7,7,,,5,,,,3,,,3,31,,,6,,,3,12
2004-08-01,4,7,7,,,6,,,,3,,,3,33,,,6,,,4,14
2004-08-08,9,7,7,,,6,,,,6,,,3,42,,,6,,,5,15
2004-08-15,7,7,6,,,5,,,,4,,,3,56,,,6,,,4,15
2004-08-22,8,7,6,,,5,,,,5,,,3,71,,,6,,,4,13
2004-08-29,6,7,6,,,5,,,,4,,,3,67,,,7,,,5,12
2004-09-05,10,8,6,,,5,,,,7,,,3,79,,,10,,,4,11
2004-09-12,13,9,6,,,5,,,,8,,,6,66,,,10,,,5,16
2004-09-19,33,14,8,,,8,,,,23,,,13,60,,,11,,,6,25
2004-09-26,40,15,11,,,10,,,,26,,,30,61,,,16,,,12,54
2004-10-03,51,22,16,,,19,,,,34,,,30,67,,,25,,,28,71
2004-10-10,55,33,28,,,26,,,,38,,7,23,76,,,30,,,43,75
2004-10-17,51,45,31,,,32,,,,31,,10,17,92,,,42,,,38,90
2004-10-24,40,61,29,,,40,,,,23,,14,19,92,,,45,,17,35,85
2004-10-31,52,68,35,,,42,,,,29,,13,23,94,20,,38,,25,36,83
2004-11-07,36,56,34,,,43,,,,20,,20,25,82,23,,34,,23,37,81
2004-11-14,46,47,47,,,52,,,,32,22,20,25,88,27,,27,,20,39,100
2004-11-21,62,41,42,,,56,,58,,43,34,27,24,98,33,,28,,24,30,84
2004-11-28,76,41,41,,,70,27,76,,52,39,31,21,233,31,,22,,26,26,74
2004-12-05,95,46,44,,,75,43,72,,56,48,45,35,190,33,,28,,27,44,107
2004-12-12,100,86,39,,,88,42,72,,62,45,67,59,174,36,,39,,28,65,119
2004-12-19,185,127,56,,,114,41,72,,128,57,83,80,201,41,,68,,27,69,154
2004-12-26,171,139,63,,,111,47,77,,99,95,81,78,251,51,,100,,32,102,253
2005-01-02,144,129,57,,,125,44,83,,90,90,64,111,295,77,,105,,43,105,197
2005-01-09,149,113,52,,,177,42,94,,104,110,52,113,212,98,,80,,54,111,199
2005-01-16,232,132,60,,,192,40,111,,165,138,50,86,342,92,,80,,58,201,396
2005-01-23,396,154,193,,,259,46,117,,263,151,60,223,364,83,,107,,73,554,741
2005-01-30,623,506,284,,,361,56,138,,368,310,149,356,431,85,,151,,91,844,1016
2005-02-06,1132,568,407,,,526,74,253,,686,621,375,738,652,174,,230,,169,1011,1688
2005-02-13,685,371,411,,,499,91,317,,383,810,356,229,401,236,,255,,153,493,1198
2005-02-20,317,197,197,,,255,115,286,,201,509,220,104,327,188,,268,,117,234,487
2005-02-27,179,130,130,,,172,130,272,,121,284,117,120,181,106,,126,,95,112,203
2005-03-06,134,107,96,,,161,125,242,,86,176,68,105,189,86,,81,,73,90,115
2005-03-13,90,80,66,,,111,115,191,,54,121,48,66,175,74,,97,,65,52,87
2005-03-20,67,69,49,,,79,91,146,,41,89,36,60,165,65,,69,,57,31,112
2005-03-27,45,56,37,,,63,71,129,,26,67,27,58,153,65,,56,,55,28,82
2005-04-03,34,49,27,,,72,57,102,,17,53,21,41,178,56,,36,,46,23,101
2005-04-10,30,43,25,,,80,53,93,,18,42,18,31,143,44,,31,,37,18,89
2005-04-17,25,40,22,,,71,42,83,,15,34,18,19,92,36,,26,,35,15,63
2005-04-24,20,31,19,,,49,35,80,,10,33,15,14,74,30,,23,,28,16,46
2005-05-01,10,25,17,,,38,31,67,,6,30,12,10,58,23,,23,,24,15,38
2005-05-08,10,25,13,,,26,24,61,,6,25,10,7,38,18,,20,,20,12,31
2005-05-15,10,21,12,,,20,21,45,,5,21,10,7,29,16,,18,,18,7,34
2005-05-22,9,18,9,,,17,20,35,,4,17,9,6,29,14,,14,,16,9,33
2005-05-29,9,18,8,,,16,17,32,,5,16,8,5,39,12,,12,,15,7,27
2005-06-05,11,19,7,,,19,17,26,,6,13,7,6,83,11,,10,,13,7,27
2005-06-12,11,18,6,,,18,15,22,,5,13,6,5,102,11,,10,,12,7,20
2005-06-19,8,16,6,,,19,15,20,,4,13,5,5,99,10,,9,,11,8,16
2005-06-26,7,16,6,,,14,14,19,,3,12,5,4,85,10,,8,,12,14,13
2005-07-03,7,17,6,,,12,14,18,,4,11,4,4,55,12,,7,,11,8,15
2005-07-10,6,14,5,,,10,19,16,,4,10,4,4,48,11,,7,,10,6,15
2005-07-17,9,15,5,,,9,20,15,,5,9,4,4,48,9,,7,,10,6,20
2005-07-24,10,21,5,,,10,26,14,,5,9,4,4,89,8,,7,,9,7,23
2005-07-31,9,18,6,,,10,30,11,,5,9,3,5,62,8,,8,,8,10,23
2005-08-07,10,17,7,,,8,35,11,,7,9,4,5,42,8,,10,,6,11,22
2005-08-14,11,17,9,,,8,40,10,,5,10,3,5,43,8,,13,,7,10,20
2005-08-21,9,18,11,,,8,38,10,,6,11,3,6,44,7,,22,,6,7,15
2005-08-28,9,19,9,,5,12,33,10,,6,11,3,6,45,7,,19,,5,8,18
2005-09-04,13,21,9,,5,10,36,10,,7,12,3,4,47,7,,14,,5,7,29
2005-09-11,17,30,9,,6,8,40,10,,8,13,3,6,79,7,,14,,5,9,54
2005-09-18,43,50,9,,7,16,41,9,,23,14,6,6,131,8,,13,,5,41,129
2005-09-25,50,74,9,8,8,24,46,9,,29,17,10,10,118,7,,20,,6,36,145
2005-10-02,76,90,25,8,22,30,50,10,,49,26,29,17,104,8,,39,,7,36,216
2005-10-09,75,115,44,14,39,31,58,11,,49,52,29,29,114,13,,38,,10,72,131
2005-10-16,83,128,53,16,49,45,59,24,,62,60,35,33,153,19,,27,,25,51,105
2005-10-23,61,109,37,17,75,36,60,24,,39,72,36,30,105,29,,31,,29,31,101
2005-10-30,42,74,29,20,94,27,62,24,,26,65,46,27,88,24,,22,,31,31,66
2005-11-06,64,62,28,25,147,35,57,45,,37,55,56,40,118,27,,17,,42,45,98
2005-11-13,72,72,38,24,132,51,52,49,,39,62,44,48,152,28,,26,,42,38,111
2005-11-20,89,82,44,25,142,60,50,53,,53,61,47,63,147,29,,46,,38,56,132
2005-11-27,83,103,50,23,105,46,43,70,,59,58,49,46,116,28,,40,,36,35,62
2005-12-04,85,107,58,28,125,50,36,98,,53,55,68,37,86,29,,53,,35,54,88
2005-12-11,98,114,62,32,116,56,35,105,,60,65,74,88,101,35,,53,,39,60,144
2005-12-18,120,138,67,39,111,72,36,120,,71,98,60,60,208,42,,54,,35,73,199
2005-12-25,120,103,73,50,74,81,37,95,,70,128,61,62,138,40,,59,,42,109,186
2006-01-01,127,139,68,62,91,114,35,91,,72,140,67,105,145,45,,71,,47,58,171
2006-01-08,106,195,50,81,99,130,35,80,,62,102,81,44,157,45,,101,,39,88,148
2006-01-15,96,146,63,69,89,83,36,64,,57,73,59,37,111,42,,83,,31,42,188
2006-01-22,131,132,71,62,70,78,45,62,,90,73,57,48,143,39,,69,,32,80,205
2006-01-29,242,275,101,68,82,209,51,72,,157,92,92,62,265,56,,136,,31,130,314
2006-02-05,262,270,108,138,102,247,58,96,,158,119,131,118,274,121,,150,,75,104,341
2006-02-12,221,157,100,121,109,250,79,156,,121,127,107,68,251,186,,161,,101,161,412
2006-02-19,172,125,105,83,77,203,84,178,,109,98,86,60,150,149,,85,,98,110,391
2006-02-26,117,151,80,72,64,140,79,120,,70,81,69,46,106,113,,72,,72,73,211
2006-03-05,75,108,53,59,45,88,69,106,,52,70,53,32,93,80,,38,,48,63,122
2006-03-12,65,62,48,48,33,82,55,72,,40,79,38,36,131,56,,28,,33,56,100
2006-03-19,61,78,43,37,26,78,45,56,,42,76,27,36,139,46,,28,,32,37,51
2006-03-26,34,80,35,28,19,72,35,40,,20,61,22,22,87,40,,34,,25,21,42
2006-04-02,32,59,28,25,16,65,28,34,,19,44,19,17,68,30,,31,,21,14,49
2006-04-09,22,56,23,20,13,46,26,27,,13,39,16,11,68,24,,23,,19,14,46
2006-04-16,18,46,21,17,12,30,23,25,,11,33,14,14,57,21,,19,,17,12,28
2006-04-23,16,39,18,17,12,27,22,21,,9,28,12,15,37,19,,18,,18,12,29
2006-04-30,12,28,15,15,10,27,19,18,,7,27,11,10,42,15,,16,,16,9,31
2006-05-07,12,26,13,14,10,25,17,16,,6,26,9,6,55,14,,14,,13,9,32
2006-05-14,8,22,11,12,10,18,15,13,,5,21,7,5,57,11,,13,,11,7,23
2006-05-21,9,21,10,11,9,15,14,12,,5,20,7,4,48,10,,10,,10,6,18
2006-05-28,11,21,9,10,8,13,12,10,,8,19,8,5,47,9,,9,,10,7,14
2006-06-04,9,20,10,10,8,11,11,10,,4,18,8,4,52,8,,9,,8,5,13
2006-06-11,7,23,11,9,7,10,10,9,,5,15,7,4,45,7,,9,,8,4,9
2006-06-18,6,23,12,9,6,9,10,8,,4,15,8,3,30,7,,8,,8,3,8
2006-06-25,5,27,11,8,5,9,10,8,,4,15,8,3,22,6,,7,,7,3,8
2006-07-02,5,19,11,8,5,10,9,8,,4,14,7,2,17,6,,6,,7,2,8
2006-07-09,5,18,13,7,4,11,8,8,,4,13,6,2,17,6,,6,,6,2,6
2006-07-16,6,16,13,7,4,10,7,7,,3,14,6,2,22,6,,6,,6,3,7
2006-07-23,5,14,15,8,4,9,7,7,,4,14,6,2,19,5,,7,,6,2,6
2006-07-30,6,11,15,7,3,10,7,8,,4,14,5,3,16,5,,7,,5,3,9
2006-08-06,7,10,17,7,3,12,7,10,,3,14,6,3,16,5,,7,,5,3,20
2006-08-13,9,9,18,7,3,16,7,13,,5,14,7,4,16,5,,7,,5,5,17
2006-08-20,8,10,18,7,3,14,6,13,,5,13,8,3,24,5,,7,,4,4,17
2006-08-27,8,12,15,8,3,12,7,13,,5,15,9,3,29,5,,7,6,4,5,23
2006-09-03,9,14,14,8,4,12,7,13,,6,14,10,3,26,5,,7,7,5,4,21
2006-09-10,12,19,18,8,4,17,8,16,,6,16,11,3,24,4,,7,7,7,5,20
2006-09-17,16,31,23,12,5,22,9,18,,10,19,11,5,23,4,,9,7,8,6,25
2006-09-24,23,44,25,12,10,24,10,19,,12,21,12,9,30,6,,13,7,9,12,36
2006-10-01,31,44,31,16,13,26,15,22,,17,22,12,11,65,7,,19,8,16,24,66
2006-10-08,35,63,37,15,19,21,16,28,,19,21,22,14,64,8,5,27,7,22,32,56
2006-10-15,48,64,32,19,32,25,21,42,,26,23,28,13,61,11,9,34,8,19,66,91
2006-10-22,40,58,35,19,30,37,23,40,,23,25,30,13,69,15,18,33,14,18,31,87
2006-10-29,39,63,33,22,31,47,26,41,,22,34,34,12,68,19,21,33,18,23,29,69
2006-11-05,43,59,30,24,31,50,27,43,,23,47,37,14,70,19,26,37,23,26,44,87
2006-11-12,41,62,28,22,25,46,25,33,,25,46,41,18,57,18,23,28,29,23,36,79
2006-11-19,56,88,31,24,23,70,24,30,,37,50,38,17,56,17,28,36,35,29,44,77
2006-11-26,63,86,34,24,23,73,22,37,,44,51,43,22,72,19,34,33,37,25,42,86
2006-12-03,72,96,50,23,20,68,25,43,,46,56,53,31,68,23,37,33,38,24,63,106
2006-12-10,85,138,52,28,28,62,29,57,,51,53,78,39,65,26,43,53,38,45,57,133
2006-12-17,120,152,83,39,38,70,45,79,,78,82,83,39,73,42,44,73,51,73,81,156
2006-12-24,198,113,158,60,47,125,78,110,,142,116,82,60,89,45,57,76,70,80,190,281
2006-12-31,209,145,122,70,53,189,218,125,,138,170,82,82,97,69,70,117,112,87,135,284
2007-01-07,169,91,94,84,62,130,166,209,,111,131,88,61,84,79,104,102,106,116,124,306
2007-01-14,155,92,97,63,57,65,127,156,,107,84,70,63,91,100,119,83,87,98,178,190
2007-01-21,191,109,91,64,55,156,125,126,,118,110,76,147,99,81,101,123,81,101,194,264
2007-01-28,386,267,190,102,130,206,194,152,,196,324,224,309,230,94,126,202,104,138,365,444
2007-02-04,567,253,323,170,159,368,420,363,,262,424,204,455,387,165,231,302,154,254,489,623
2007-02-11,481,265,289,161,190,301,216,313,,250,331,228,209,390,151,235,219,146,186,400,496
2007-02-18,212,201,154,111,144,116,179,214,,121,131,119,96,240,115,162,94,115,139,259,220
2007-02-25,77,120,68,66,65,53,127,133,,45,72,83,33,122,78,70,54,72,101,84,104
2007-03-04,37,87,34,46,42,36,70,73,,24,37,62,22,60,57,39,31,47,58,40,61
2007-03-11,23,65,23,31,30,29,53,49,,14,26,43,13,43,41,24,20,39,43,19,30
2007-03-18,23,48,19,25,21,20,31,34,,18,21,30,9,34,33,15,23,28,27,18,34
2007-03-25,18,41,19,22,15,22,25,27,,11,21,23,8,26,26,10,23,20,24,14,30
2007-04-01,19,42,23,21,13,28,21,20,,12,22,21,7,22,23,9,18,16,24,12,39
2007-04-08,16,45,19,19,11,22,16,18,,12,25,19,5,26,19,8,17,15,28,11,23
2007-04-15,11,39,14,19,10,18,12,14,,7,23,17,4,23,20,8,19,14,23,10,16
2007-04-22,5,31,10,16,8,15,10,12,,3,19,12,3,19,17,5,16,13,18,6,10
2007-04-29,6,24,9,16,8,16,10,10,,4,16,11,3,14,15,4,13,11,16,5,8
2007-05-06,6,18,8,14,8,14,7,10,,3,13,9,3,12,13,4,9,9,13,5,14
2007-05-13,6,13,8,13,7,13,6,11,,3,12,9,3,12,12,3,9,8,11,4,14
2007-05-20,7,12,8,12,7,12,6,10,,5,11,8,5,15,11,2,11,8,10,4,11
2007-05-27,9,15,8,10,6,13,6,11,,6,11,10,4,21,9,2,14,8,10,4,12
2007-06-03,9,15,8,9,6,11,8,12,,6,11,10,4,24,9,2,14,8,12,5,16
2007-06-10,7,18,8,7,5,9,10,13,,5,10,9,3,25,8,1,12,7,11,5,14
2007-06-17,7,18,9,7,5,9,10,15,,4,10,8,3,23,7,1,11,7,11,4,11
2007-06-24,7,15,13,7,5,8,11,14,,4,10,7,2,22,7,1,11,8,12,4,10
2007-07-01,6,15,14,6,5,8,10,14,,4,11,7,2,18,6,1,12,10,14,3,10
2007-07-08,7,12,13,5,5,8,12,13,,5,10,7,2,18,6,1,10,9,13,4,14
2007-07-15,6,12,11,5,4,8,13,13,,4,11,6,2,18,6,1,8,10,15,5,13
2007-07-22,7,12,11,5,4,12,11,11,,4,13,7,2,24,6,1,7,10,16,4,12
2007-07-29,5,12,11,5,3,14,12,11,,3,14,8,2,22,6,2,6,9,16,3,11
2007-08-05,7,11,10,4,4,14,15,10,,5,14,9,2,21,5,2,7,9,15,2,12
2007-08-12,7,11,11,4,4,10,13,10,,4,13,8,2,18,5,2,10,8,12,3,22
2007-08-19,7,11,10,4,4,12,13,9,,4,14,8,3,18,6,3,10,8,12,4,18
2007-08-26,6,11,11,4,4,12,12,9,,3,15,8,4,18,5,3,11,8,10,3,14
2007-09-02,8,14,14,4,4,13,11,9,,4,14,8,4,16,6,3,11,7,10,4,16
2007-09-09,11,17,12,4,5,10,14,10,,8,12,9,4,21,6,3,11,7,10,6,22
2007-09-16,21,21,14,4,7,9,18,12,,15,17,11,4,46,6,4,15,7,11,10,25
2007-09-23,45,42,23,5,9,18,25,18,,29,20,19,9,61,9,4,21,10,18,28,85
2007-09-30,50,73,46,8,11,31,29,30,,30,43,33,21,66,12,6,36,18,25,46,71
2007-10-07,56,66,47,10,16,33,43,43,,35,53,44,18,80,17,15,43,27,28,33,91
2007-10-14,55,73,47,21,21,46,46,53,,30,62,40,22,73,22,21,38,40,36,37,96
2007-10-21,68,65,51,28,25,57,66,48,,41,75,37,27,114,28,22,40,35,33,57,92
2007-10-28,57,60,47,35,33,40,81,51,,38,74,35,23,72,27,20,35,38,35,53,87
2007-11-04,77,95,68,34,39,48,69,48,,54,87,35,48,57,28,22,36,39,43,70,113
2007-11-11,77,102,68,42,41,45,67,51,,41,93,79,34,76,27,17,39,37,60,70,137
2007-11-18,76,97,58,41,36,55,60,48,,49,87,67,28,74,29,16,44,34,71,66,125
2007-11-25,92,83,49,46,43,55,72,52,,59,82,91,35,71,38,17,52,41,58,66,165
2007-12-02,109,98,60,56,56,55,78,53,,69,99,100,34,75,44,18,68,57,48,100,165
2007-12-09,125,112,78,87,65,94,116,53,,79,102,84,37,73,44,25,54,73,60,103,160
2007-12-16,181,193,91,103,66,91,132,60,,112,126,117,49,126,53,42,93,78,66,153,258
2007-12-23,253,302,86,107,69,111,132,78,,168,200,115,83,145,58,97,96,106,102,226,268
2007-12-30,330,283,112,99,122,166,155,132,,226,227,234,100,166,76,91,156,149,92,239,408
2008-01-06,339,268,110,154,142,236,161,171,,230,204,195,77,216,66,79,140,130,84,243,405
2008-01-13,457,402,179,204,151,220,122,161,,300,258,254,122,200,81,111,184,124,118,294,615
2008-01-20,402,304,161,210,162,212,166,178,,243,293,192,139,244,93,124,204,139,127,323,579
2008-01-27,424,270,211,244,161,298,157,182,,217,337,166,177,197,94,161,235,122,165,475,623
2008-02-03,406,320,198,242,201,233,186,162,,197,419,185,188,219,98,146,198,115,146,385,669
2008-02-10,298,174,168,188,146,304,145,141,,160,256,172,177,153,90,122,222,84,161,242,514
2008-02-17,211,154,148,155,77,172,107,104,,128,174,110,93,127,87,96,146,81,109,168,340
2008-02-24,103,141,78,109,58,89,69,74,,59,107,65,55,97,59,81,76,68,69,83,181
2008-03-02,66,65,48,93,49,95,52,59,,40,70,42,34,68,45,42,51,58,46,64,105
2008-03-09,36,61,39,63,46,51,41,47,,18,45,30,16,70,37,24,33,41,35,37,77
2008-03-16,35,63,31,53,36,52,32,35,,19,35,25,11,65,27,18,27,29,28,41,50
2008-03-23,38,49,27,41,28,44,24,32,,22,39,28,18,56,21,13,33,24,27,38,48
2008-03-30,33,34,33,34,26,37,20,26,,21,42,31,16,55,19,17,36,21,30,30,55
2008-04-06,26,37,27,28,22,41,18,22,,16,37,29,10,41,20,14,27,19,27,26,40
2008-04-13,23,42,21,24,20,42,17,21,,14,31,24,7,35,18,12,21,17,24,19,48
2008-04-20,16,29,20,22,17,30,14,18,,8,31,20,6,31,16,10,19,21,22,23,29
2008-04-27,9,21,19,20,13,20,13,16,,6,28,16,5,26,14,7,15,18,19,9,20
2008-05-04,7,17,16,17,11,15,12,13,,4,22,13,3,23,14,5,12,16,15,6,14
2008-05-11,6,12,13,16,10,12,9,13,,3,18,11,3,20,12,4,9,13,13,7,11
2008-05-18,6,11,11,14,8,12,9,13,,3,13,9,2,22,10,3,8,13,12,6,11
2008-05-25,7,10,10,12,8,11,7,11,,4,11,8,2,20,9,2,8,10,10,7,14
2008-06-01,8,11,10,11,7,10,7,10,,5,9,7,2,23,8,2,10,10,9,7,13
2008-06-08,8,11,10,11,8,9,7,9,,5,9,7,3,18,7,2,13,9,8,7,18
2008-06-15,9,12,10,10,9,9,7,8,,5,9,7,4,23,7,2,14,8,7,8,19
2008-06-22,5,16,11,9,9,9,8,7,,3,10,6,3,20,6,2,12,8,6,4,14
2008-06-29,4,13,10,9,9,9,7,7,,2,10,6,2,21,6,2,12,8,6,4,9
2008-07-06,6,13,10,9,8,9,7,6,,4,11,6,2,17,5,3,11,8,5,4,8
2008-07-13,6,14,9,9,8,10,6,6,,3,10,6,2,16,5,3,9,8,5,3,9
2008-07-20,4,13,8,8,8,9,6,6,,2,9,7,2,16,5,3,8,8,5,3,9
2008-07-27,4,14,7,7,7,10,6,6,,2,9,7,2,15,5,3,9,8,5,3,8
2008-08-03,4,14,8,7,7,8,5,6,,2,7,7,2,16,4,3,8,7,5,2,8
2008-08-10,5,14,9,7,6,7,5,6,,3,7,8,2,17,4,2,7,6,5,3,9
2008-08-17,5,13,11,7,6,8,4,6,,3,7,7,2,17,4,2,8,6,5,3,10
2008-08-24,4,12,11,7,5,8,4,5,,3,8,7,1,19,4,2,10,6,5,3,9
2008-08-31,5,13,9,6,5,8,4,5,,3,7,6,1,16,4,2,9,5,5,3,8
2008-09-07,9,16,7,6,6,8,4,5,,7,8,6,2,19,5,2,10,5,7,4,11
2008-09-14,20,35,13,6,7,11,4,5,,15,14,8,3,31,6,2,17,7,7,9,29
2008-09-21,40,61,24,6,10,26,10,6,11,27,31,24,6,50,9,5,19,14,9,27,62
2008-09-28,39,64,28,7,19,28,22,11,15,26,49,33,10,54,13,12,23,33,9,34,56
2008-10-05,38,58,27,9,30,26,25,11,19,27,51,29,11,57,18,14,24,37,12,41,46
2008-10-12,53,54,31,17,35,38,33,22,24,33,47,27,18,55,20,13,35,36,17,60,64
2008-10-19,48,51,35,33,33,45,34,34,27,31,48,38,19,76,23,17,28,48,18,40,70
2008-10-26,37,51,33,33,25,30,29,34,30,28,49,36,15,45,24,18,26,46,19,35,50
2008-11-02,33,51,25,33,22,32,24,32,30,22,38,33,10,46,27,18,22,41,20,34,32
2008-11-09,39,65,28,33,18,36,21,27,26,28,41,35,10,50,32,15,23,35,17,34,51
2008-11-16,40,67,24,28,21,31,20,23,26,27,46,43,10,53,29,15,25,31,17,43,63
2008-11-23,54,72,28,27,25,39,24,21,29,38,37,39,12,73,26,17,26,34,19,63,74
2008-11-30,70,84,30,29,35,46,36,26,32,51,41,37,19,55,31,27,33,48,20,64,69
2008-12-07,115,97,40,31,35,63,69,45,40,92,60,55,35,103,39,30,61,71,34,87,108
2008-12-14,218,162,69,44,63,102,110,95,50,211,107,135,50,130,64,76,93,102,66,106,155
2008-12-21,377,169,121,78,84,196,250,128,59,409,137,186,88,185,157,138,157,176,87,158,282
2008-12-28,598,246,183,167,104,307,264,185,94,466,234,278,144,262,254,215,223,301,145,292,439
2009-01-04,569,318,158,173,227,368,258,256,176,360,258,266,139,302,197,212,228,216,124,272,504
2009-01-11,770,466,239,316,223,662,277,437,267,390,308,354,198,389,441,481,352,278,168,336,740
2009-01-18,755,515,272,476,239,580,188,551,339,325,450,343,214,356,319,311,326,269,247,452,922
2009-01-25,407,369,180,273,203,206,134,388,274,158,297,226,158,268,167,134,184,147,130,491,802
2009-02-01,194,194,84,198,125,122,82,215,177,76,218,164,83,137,91,77,83,98,85,213,372
2009-02-08,91,121,51,138,75,45,58,116,106,45,105,60,39,78,62,47,48,61,60,141,183
2009-02-15,56,82,37,89,49,31,36,76,75,30,67,40,22,55,40,25,30,48,45,122,90
2009-02-22,42,75,36,54,38,29,34,61,50,20,53,33,15,50,31,17,25,42,38,85,61
2009-03-01,26,54,24,40,32,22,24,47,35,16,48,28,12,34,23,11,19,32,26,34,57
2009-03-08,23,36,20,30,23,21,19,36,28,12,49,25,12,28,18,7,28,27,18,26,46
2009-03-15,18,30,19,27,19,21,17,30,21,9,44,26,13,26,16,6,25,23,14,14,54
2009-03-22,20,27,17,26,15,26,16,26,18,11,48,23,9,25,15,5,18,19,13,21,42
2009-03-29,16,30,16,27,12,21,12,21,16,9,32,21,7,27,14,4,17,19,12,13,36
2009-04-05,12,26,15,26,10,13,11,17,12,7,23,18,6,25,14,4,19,17,12,9,18
2009-04-12,10,21,15,23,9,12,10,15,11,6,17,17,5,28,11,4,15,14,11,11,16
2009-04-19,8,19,13,22,8,11,9,14,10,4,17,13,4,21,10,4,13,15,10,9,13
2009-04-26,12,34,24,26,9,26,13,16,12,10,46,20,29,30,13,6,23,18,13,34,54
2009-05-03,14,57,24,25,10,28,17,15,14,13,53,26,17,31,16,6,24,18,12,18,46
2009-05-10,12,41,24,24,10,17,18,14,13,10,33,23,8,24,26,6,19,19,14,14,38
2009-05-17,8,29,17,25,10,13,14,13,13,9,25,16,7,21,26,5,16,18,14,9,20
2009-05-24,6,21,11,25,9,10,12,13,11,5,18,12,5,19,20,5,12,15,12,6,13
2009-05-31,6,18,8,22,10,8,10,12,11,6,14,10,4,17,16,4,9,12,9,5,13
2009-06-07,7,16,8,19,8,9,9,13,12,7,12,9,3,16,13,3,8,11,8,6,12
2009-06-14,8,21,10,17,7,9,9,12,13,9,13,10,5,17,12,4,8,10,7,9,20
2009-06-21,7,23,11,13,7,13,11,10,12,13,19,14,8,17,10,5,7,11,6,6,18
2009-06-28,7,23,10,12,6,14,11,10,11,14,23,12,6,14,10,5,8,10,6,8,16
2009-07-05,7,23,9,11,6,11,10,9,10,10,18,11,4,15,9,6,7,10,6,8,19
2009-07-12,11,28,12,11,7,12,10,10,11,18,19,11,4,18,10,7,10,11,6,14,31
2009-07-19,20,38,21,11,7,21,14,11,15,36,37,19,8,33,12,8,15,11,7,39,50
2009-07-26,23,41,28,12,10,31,21,15,18,43,57,31,12,40,14,9,19,12,8,46,63
2009-08-02,16,37,26,13,12,28,22,16,17,25,52,31,13,39,14,11,20,14,9,28,44
2009-08-09,15,33,28,14,15,22,19,18,16,25,44,26,12,28,17,12,17,14,10,29,36
2009-08-16,20,28,43,16,15,25,18,20,17,31,48,23,14,31,17,11,18,16,14,37,61
2009-08-23,43,37,77,19,18,41,29,30,17,85,105,41,30,45,18,15,28,19,24,109,132
2009-08-30,53,73,74,27,22,47,47,35,23,109,106,63,48,68,19,28,47,23,49,122,140
2009-09-06,112,198,110,46,45,92,125,95,39,213,208,169,103,121,30,131,77,63,75,222,217
2009-09-13,150,232,115,103,103,154,135,193,120,277,229,255,163,201,61,166,121,195,118,299,278
2009-09-20,113,200,79,140,107,142,109,208,142,178,158,183,62,122,84,118,105,154,93,161,254
2009-09-27,130,155,71,108,72,115,81,153,134,128,105,89,47,96,98,110,83,89,70,145,269
2009-10-04,102,129,53,82,55,81,63,118,109,99,82,76,41,90,92,65,63,66,47,93,173
2009-10-11,81,101,42,66,47,57,54,98,92,75,76,80,33,88,68,46,49,57,41,71,149
2009-10-18,111,119,72,60,43,67,44,92,83,142,77,88,30,85,53,54,59,53,41,58,157
2009-10-25,161,121,74,46,48,83,79,109,95,211,85,111,50,98,59,84,55,75,68,121,229
2009-11-01,131,164,63,49,53,70,82,127,107,142,95,101,47,91,89,75,49,85,63,87,221
2009-11-08,163,194,102,57,61,94,97,109,129,137,103,120,73,113,96,64,83,71,59,114,273
2009-11-15,385,350,273,92,115,197,180,145,226,258,291,255,180,180,174,140,171,94,146,316,634
2009-11-22,801,623,462,228,221,383,322,385,467,456,534,524,362,255,399,327,300,158,347,601,1211
2009-11-29,874,815,385,358,327,566,415,464,602,531,629,537,454,269,421,431,319,209,364,650,1379
2009-12-06,641,544,318,319,235,480,236,415,451,382,431,415,400,230,332,289,285,167,249,495,904
2009-12-13,424,416,190,259,216,361,209,329,348,283,273,311,215,169,203,154,202,155,161,329,586
2009-12-20,203,206,104,189,148,161,99,187,236,131,175,181,89,109,144,124,155,125,119,146,334
2009-12-27,148,154,95,127,102,141,71,138,165,99,122,93,68,98,119,111,98,82,86,122,200
2010-01-03,130,151,76,96,79,90,54,138,140,101,106,108,65,96,80,65,82,68,59,95,168
2010-01-10,82,134,47,78,56,58,42,114,111,60,74,63,37,75,58,46,47,48,49,63,107
2010-01-17,51,96,33,60,40,38,33,81,86,36,58,49,27,57,43,32,40,39,34,36,80
2010-01-24,48,78,30,50,37,32,30,60,60,31,55,48,19,46,35,24,36,40,29,46,83
2010-01-31,42,78,32,46,32,28,30,52,50,26,49,41,18,42,32,21,31,40,29,30,77
2010-02-07,35,76,28,37,33,28,23,52,40,21,56,41,16,40,26,20,27,33,30,24,74
2010-02-14,26,66,30,32,29,28,18,44,36,18,41,40,14,33,22,16,23,24,26,15,56
2010-02-21,19,52,22,28,21,24,18,36,31,11,33,28,12,26,20,14,17,19,19,14,40
2010-02-28,15,46,21,24,20,17,18,32,25,9,32,20,8,21,18,10,15,16,15,10,26
2010-03-07,13,42,18,21,15,11,14,27,23,9,24,17,5,20,16,8,13,13,13,10,25
2010-03-14,11,42,14,19,13,9,13,22,19,6,20,14,4,22,14,7,12,13,10,8,20
2010-03-21,9,40,10,16,11,9,12,17,16,5,16,14,4,22,13,6,9,13,9,7,15
2010-03-28,9,34,9,15,10,8,12,15,15,6,15,12,3,20,13,5,8,12,9,7,21
2010-04-04,8,33,8,14,10,9,9,15,14,6,15,10,3,16,10,6,8,10,8,6,16
2010-04-11,7,26,8,13,9,7,9,13,12,5,13,10,3,13,9,5,8,9,7,5,14
2010-04-18,5,23,7,12,7,5,7,11,10,4,13,9,3,12,8,4,7,8,6,5,10
2010-04-25,4,21,6,11,6,5,6,10,9,2,11,9,2,11,7,4,6,7,6,4,9
2010-05-02,5,25,5,10,6,4,6,9,8,3,10,8,2,10,6,3,6,7,5,4,9
2010-05-09,6,22,4,9,6,5,6,9,8,3,10,7,2,12,6,3,5,7,5,4,12
2010-05-16,7,22,5,9,6,6,6,8,8,4,10,9,2,17,6,3,6,7,5,5,17
2010-05-23,5,20,5,8,5,6,6,8,7,3,11,9,2,17,6,2,5,7,4,4,14
2010-05-30,4,18,5,8,5,5,6,7,7,3,11,9,2,15,6,2,5,7,4,3,11
2010-06-06,3,17,5,7,5,4,6,7,7,2,9,7,2,11,5,2,5,7,4,3,8
2010-06-13,3,15,5,7,4,3,6,6,6,2,9,6,2,10,5,2,5,7,4,2,7
2010-06-20,3,13,4,7,4,3,6,6,6,2,9,6,2,8,5,1,4,6,3,2,7
2010-06-27,2,11,4,6,4,3,5,5,6,1,7,5,1,8,5,1,4,6,3,2,6
2010-07-04,2,9,4,6,4,3,5,5,5,1,6,4,1,7,5,1,3,5,3,2,5
2010-07-11,2,8,4,6,4,2,4,5,5,1,6,4,1,7,5,1,3,4,3,2,5
2010-07-18,2,7,4,5,4,2,3,5,5,2,5,3,1,6,4,1,3,4,3,2,5
2010-07-25,3,6,5,5,3,2,3,5,5,2,5,3,1,6,4,1,3,4,3,2,7
2010-08-01,3,6,5,5,3,3,3,4,5,2,5,3,1,6,4,1,3,4,3,3,8
2010-08-08,3,6,5,5,3,3,3,4,5,3,5,3,1,7,4,1,3,4,3,4,7
2010-08-15,4,6,6,5,3,4,3,4,5,3,4,3,1,8,3,1,4,4,3,3,7
2010-08-22,4,7,7,5,3,5,3,4,4,3,5,4,2,9,3,1,5,4,4,4,7
2010-08-29,5,9,7,5,3,5,3,4,4,3,6,5,2,10,3,1,5,4,4,5,7
2010-09-05,7,11,8,4,3,4,3,4,4,5,8,6,2,16,3,1,6,4,5,4,9
2010-09-12,16,26,9,5,4,6,4,5,5,10,12,15,4,36,4,1,11,6,6,5,29
2010-09-19,27,44,17,5,6,15,7,6,6,17,20,41,7,51,5,2,17,10,10,17,39
2010-09-26,41,56,24,7,12,23,15,9,8,24,34,42,11,69,7,6,28,21,16,32,63
2010-10-03,31,68,27,10,22,24,20,14,10,19,37,34,14,52,10,11,26,28,23,26,51
2010-10-10,29,57,28,12,21,21,19,20,13,19,36,29,13,41,13,11,21,26,19,26,54
2010-10-17,26,49,27,16,21,20,15,27,17,17,39,25,13,39,14,10,19,25,17,29,50
2010-10-24,21,39,18,21,19,18,11,27,22,14,37,22,12,30,14,8,15,20,16,23,40
2010-10-31,18,33,17,21,18,17,10,25,21,11,28,19,9,26,14,7,13,17,15,19,31
2010-11-07,15,32,17,19,14,13,10,23,21,11,22,15,9,30,12,6,14,17,13,15,27
2010-11-14,18,38,15,18,12,13,11,21,20,12,23,13,9,29,11,5,16,17,13,14,32
2010-11-21,28,39,18,21,11,20,14,19,21,19,29,17,12,37,12,6,18,19,14,24,38
2010-11-28,45,48,24,24,11,33,22,19,22,33,52,28,16,53,15,8,32,22,15,37,51
2010-12-05,56,68,29,26,14,36,27,19,27,49,55,33,18,68,16,19,35,30,16,30,68
2010-12-12,104,83,35,31,23,60,39,26,29,101,66,39,21,120,28,50,57,48,18,65,81
2010-12-19,165,105,73,40,36,109,77,39,39,162,74,59,32,201,50,102,76,86,28,101,135
2010-12-26,337,147,154,65,96,220,169,101,73,325,176,125,70,329,156,310,157,142,96,217,329
2011-01-02,490,287,195,157,169,328,263,282,141,373,287,184,100,381,259,270,248,194,156,292,589
2011-01-09,431,195,199,179,133,237,220,264,169,249,213,210,129,267,230,179,167,152,194,282,497
2011-01-16,368,166,193,166,132,240,200,214,165,187,274,206,160,206,158,127,135,126,182,320,484
2011-01-23,331,218,200,197,124,176,154,264,174,124,237,274,193,140,117,83,141,101,180,445,578
2011-01-30,322,238,247,221,122,212,150,229,158,106,287,257,209,116,78,65,130,84,209,523,653
2011-02-06,234,192,176,196,116,157,99,188,151,68,247,225,165,94,61,60,117,60,169,318,608
2011-02-13,129,108,85,162,89,79,72,148,120,38,125,127,107,61,43,32,66,47,98,166,403
2011-02-20,61,78,44,153,63,39,42,108,89,19,90,79,46,44,32,22,44,37,60,66,187
2011-02-27,33,54,28,90,39,27,24,70,63,14,60,50,21,35,24,13,23,31,36,36,107
2011-03-06,20,40,20,62,32,22,17,47,47,10,42,35,12,30,19,10,18,23,25,21,43
2011-03-13,14,30,12,45,20,18,14,35,34,7,32,20,7,24,16,7,15,18,17,18,38
2011-03-20,12,26,10,33,16,12,11,27,29,8,28,15,5,21,13,5,13,15,14,12,24
2011-03-27,10,24,9,26,14,9,8,20,22,7,26,11,4,19,12,4,11,12,10,10,20
2011-04-03,8,22,9,23,12,7,7,17,19,4,20,10,4,17,10,4,10,11,9,9,18
2011-04-10,6,22,8,21,10,7,6,14,16,3,19,11,3,16,9,3,9,10,8,7,14
2011-04-17,4,19,6,20,9,6,6,12,14,3,17,9,3,14,8,3,8,10,7,5,13
2011-04-24,3,15,5,17,7,6,5,10,12,2,13,8,2,12,7,3,7,9,6,4,9
2011-05-01,3,12,4,14,7,5,4,8,11,2,11,7,2,10,6,2,6,8,5,5,7
2011-05-08,2,10,4,12,6,4,4,7,10,2,10,6,2,9,6,2,5,7,4,4,8
2011-05-15,2,9,4,12,5,3,3,7,9,2,8,5,1,9,5,2,4,6,4,3,7
2011-05-22,2,8,3,11,4,3,3,6,9,2,7,4,1,8,4,2,3,6,3,2,5
2011-05-29,2,7,3,10,4,3,2,5,8,2,6,4,1,7,4,1,3,5,3,2,4
2011-06-05,3,6,4,9,3,3,2,5,8,2,6,3,1,7,4,1,3,5,3,2,4
2011-06-12,2,6,4,8,3,3,2,4,8,2,6,3,1,7,4,1,3,4,3,2,5
2011-06-19,2,6,4,7,3,3,2,4,7,2,5,3,1,7,3,1,4,4,2,2,5
2011-06-26,2,6,4,7,3,3,2,4,7,1,5,3,1,7,3,1,3,4,2,1,4
2011-07-03,2,6,4,6,3,3,2,3,6,2,5,3,1,7,3,1,3,3,2,1,3
2011-07-10,2,6,4,6,3,3,2,3,6,1,5,3,1,7,3,1,3,3,2,1,3
2011-07-17,2,6,4,5,3,3,2,3,5,1,5,3,1,7,3,1,3,3,2,1,3
2011-07-24,2,6,4,5,2,2,2,3,5,1,5,3,1,7,3,1,3,3,2,1,3
2011-07-31,2,6,4,5,2,2,2,3,5,1,5,3,1,6,2,1,3,3,2,1,4
2011-08-07,2,6,5,5,2,2,2,3,4,2,5,3,1,6,2,1,3,3,2,2,4
2011-08-14,2,6,5,4,2,2,2,3,4,1,5,3,1,6,2,1,3,3,2,2,4
2011-08-21,2,6,4,4,2,2,2,2,4,1,5,2,1,5,2,1,3,3,2,2,4
2011-08-28,2,6,4,4,2,2,2,2,4,2,5,2,1,5,2,1,3,3,2,2,4
2011-09-04,2,6,4,4,2,3,2,3,4,2,5,2,1,6,2,1,3,2,2,2,4
2011-09-11,4,7,4,4,2,3,2,3,3,3,5,3,1,8,2,1,3,3,2,2,8
2011-09-18,12,8,7,4,2,7,3,3,4,11,6,4,2,20,3,1,6,4,3,3,20
2011-09-25,17,15,12,4,3,10,3,4,4,14,9,9,4,30,3,1,12,5,3,12,30
2011-10-02,18,24,13,4,4,12,6,6,4,16,13,15,7,30,4,2,14,6,4,12,32
2011-10-09,22,30,18,6,5,11,11,9,4,18,21,21,7,33,5,3,14,13,7,15,43
2011-10-16,30,34,20,7,8,14,13,12,4,26,21,22,9,40,7,3,19,17,11,22,54
2011-10-23,28,45,18,9,11,14,15,22,6,26,23,26,12,36,10,5,21,18,11,22,34
2011-10-30,25,44,18,10,12,17,14,26,8,22,22,21,13,34,13,5,20,19,13,20,36
2011-11-06,25,38,19,14,13,20,14,26,11,22,25,21,13,34,13,6,21,21,14,16,31
2011-11-13,39,49,22,18,15,24,15,29,15,35,27,21,12,43,13,8,20,22,15,18,60
2011-11-20,47,53,29,22,17,32,22,31,18,42,35,24,13,46,13,11,22,24,17,21,65
2011-11-27,53,62,36,26,23,37,30,35,20,43,44,25,17,55,14,15,26,27,19,39,73
2011-12-04,59,62,42,31,29,35,30,37,22,51,55,29,18,65,15,19,39,32,21,44,72
2011-12-11,62,55,41,40,30,34,31,43,24,48,59,33,22,63,16,21,40,38,24,43,83
2011-12-18,61,51,43,43,29,39,37,43,28,51,67,34,20,65,20,22,38,36,25,43,70
2011-12-25,71,52,50,42,32,40,37,44,29,61,77,36,19,56,23,23,37,32,32,76,96
2012-01-01,71,60,48,40,32,44,35,41,31,51,79,40,31,55,24,22,44,32,31,61,96
2012-01-08,49,54,39,40,32,32,32,40,29,36,61,35,23,49,26,20,32,31,32,41,63
2012-01-15,75,56,36,40,34,41,35,45,27,58,58,36,26,55,28,23,41,33,31,76,90
2012-01-22,86,62,54,44,33,37,37,49,29,68,77,41,44,53,28,21,38,31,37,126,124
2012-01-29,120,80,52,45,37,66,38,64,32,96,100,56,47,67,33,31,48,36,38,148,157
2012-02-05,195,112,91,60,48,61,54,78,40,156,163,74,79,113,35,33,62,37,44,267,302
2012-02-12,320,167,153,108,66,126,107,109,49,296,257,79,99,195,49,45,97,71,62,531,565
2012-02-19,498,263,284,213,148,183,306,272,98,489,373,106,164,313,78,153,144,218,149,907,727
2012-02-26,454,253,258,216,194,138,281,384,146,338,328,115,173,244,106,238,152,204,225,453,585
2012-03-04,190,139,112,175,122,96,111,236,134,118,155,102,93,125,88,121,116,108,137,102,262
2012-03-11,79,81,70,147,65,63,67,149,111,44,87,76,52,70,67,51,73,67,72,44,130
2012-03-18,41,50,40,105,43,48,42,90,84,25,52,49,24,44,51,28,58,45,48,17,69
2012-03-25,24,40,28,73,28,35,24,64,61,16,38,33,18,31,44,16,37,29,33,12,41
2012-04-01,19,32,18,55,20,27,16,47,46,14,28,24,13,27,34,11,25,22,23,10,31
2012-04-08,17,28,15,44,14,23,13,36,36,13,22,17,7,28,26,8,20,18,19,12,22
2012-04-15,14,27,12,33,11,16,11,27,27,12,20,15,7,25,22,6,15,15,14,12,15
2012-04-22,9,24,11,28,10,13,10,22,22,8,16,14,5,21,17,5,11,13,12,8,10
2012-04-29,6,21,9,23,8,8,8,19,17,5,14,11,4,16,14,4,9,11,9,5,9
2012-05-06,4,16,7,19,7,6,6,16,14,3,13,9,3,15,11,3,7,9,7,4,8
2012-05-13,4,13,6,16,6,5,5,13,12,3,12,7,2,13,9,3,5,9,6,3,9
2012-05-20,5,11,6,14,6,5,5,12,10,4,9,7,3,12,8,3,5,8,6,3,10
2012-05-27,4,9,6,12,5,5,4,11,9,3,9,6,3,10,7,2,5,7,5,3,8
2012-06-03,3,8,6,11,5,4,4,9,8,3,8,5,3,8,6,2,4,6,4,3,7
2012-06-10,3,7,6,10,4,4,4,8,7,3,7,4,2,9,5,2,4,6,4,2,6
2012-06-17,4,7,5,9,4,4,4,7,6,3,7,4,2,9,5,2,3,5,4,2,6
2012-06-24,3,7,5,8,4,4,4,6,5,3,6,4,2,11,5,2,3,4,3,1,4
2012-07-01,3,7,5,7,4,4,3,6,5,3,6,4,2,11,4,2,3,4,3,2,4
2012-07-08,4,8,5,7,3,5,3,5,5,4,6,4,2,13,4,2,3,4,3,1,4
2012-07-15,4,8,5,7,3,4,4,5,4,4,5,4,2,11,4,2,3,4,3,2,5
2012-07-22,3,8,5,6,3,4,3,5,4,2,4,4,1,11,4,2,4,4,3,1,6
2012-07-29,2,8,5,6,3,4,3,4,4,2,4,4,1,10,4,2,3,5,3,2,5
2012-08-05,2,7,5,5,3,4,3,4,3,2,4,4,1,9,4,2,3,4,3,2,5
2012-08-12,2,7,4,5,3,4,3,4,3,2,4,3,1,7,4,1,3,4,3,2,4
2012-08-19,2,6,3,5,2,4,2,4,3,2,4,3,1,7,3,1,3,4,3,2,4
2012-08-26,3,6,4,4,2,4,2,4,3,3,4,3,1,6,3,1,3,4,3,2,5
2012-09-02,4,6,4,5,2,4,2,3,3,3,4,3,2,7,3,1,3,4,2,3,7
2012-09-09,7,6,5,5,2,4,2,3,3,5,5,3,3,9,3,1,4,4,3,4,5
2012-09-16,18,10,9,5,3,7,3,4,3,11,7,5,5,17,3,1,4,5,3,8,6
2012-09-23,36,25,13,6,4,23,7,6,4,25,15,13,7,40,4,2,8,6,4,18,23
2012-09-30,49,54,20,9,7,27,20,10,5,43,34,35,15,65,5,6,18,11,8,22,45
2012-10-07,43,60,22,11,12,25,25,20,6,40,39,36,15,59,7,13,22,25,14,26,52
2012-10-14,40,50,22,18,19,21,26,37,12,37,35,35,14,53,10,12,21,29,20,28,52
2012-10-21,38,44,28,23,19,23,28,39,18,37,30,26,13,41,15,12,20,27,18,23,53
2012-10-28,43,39,33,28,18,20,24,33,20,43,31,23,13,39,18,10,23,24,18,31,50
2012-11-04,39,38,28,27,17,19,24,34,20,38,35,23,12,42,20,8,21,23,19,27,50
2012-11-11,44,45,26,26,16,21,28,35,21,31,16,25,18,45,20,9,25,23,22,27,45
2012-11-18,44,44,26,29,17,20,25,37,20,28,10,24,14,53,19,10,23,26,20,38,56
2012-11-25,54,42,36,31,17,28,24,39,21,42,17,23,15,62,20,11,23,31,23,39,61
2012-12-02,79,63,47,30,21,34,40,44,25,74,43,28,29,75,21,18,31,40,26,63,98
2012-12-09,117,93,63,31,25,45,48,61,29,107,67,42,42,104,28,31,58,48,32,86,136
2012-12-16,184,102,89,38,31,59,66,82,33,186,88,69,55,132,35,49,69,70,42,141,168
2012-12-23,292,241,184,61,80,106,123,193,44,384,270,137,135,181,67,80,142,131,102,342,349
2012-12-30,387,235,153,113,134,160,138,292,75,404,307,173,151,231,122,110,146,150,137,355,409
2013-01-06,277,158,104,135,101,118,103,255,107,239,191,132,93,190,100,95,95,114,93,270,321
2013-01-13,349,168,123,126,97,125,84,191,112,312,267,171,76,187,82,83,104,87,77,431,496
2013-01-20,703,278,143,174,190,211,192,202,127,617,516,197,171,262,114,95,169,123,118,851,929
2013-01-27,1278,377,213,296,357,316,319,468,333,1030,747,425,231,475,148,198,223,215,226,1486,1641
2013-02-03,1324,328,242,422,456,289,309,685,370,738,719,446,270,526,181,305,210,16,241,1680,1834
2013-02-10,1099,368,217,326,402,348,377,667,296,482,586,496,279,483,218,429,286,26,15,1362,1145
2013-02-17,894,343,249,317,278,288,348,542,254,646,461,386,259,376,247,322,243,333,51,805,1002
2013-02-24,443,243,198,230,158,260,179,302,199,352,204,269,147,232,179,205,158,216,120,253,431
2013-03-03,193,134,171,165,87,136,97,182,125,163,113,114,67,126,118,101,95,106,86,105,183
2013-03-10,73,103,62,106,53,46,53,113,75,57,65,56,33,67,67,48,39,61,59,46,94
2013-03-17,44,75,32,74,37,28,34,81,54,30,41,41,20,64,43,28,30,39,37,28,58
2013-03-24,32,55,25,48,27,26,28,57,40,24,32,31,14,55,31,19,24,32,29,24,42
2013-03-31,32,50,22,39,22,27,26,42,33,23,31,27,13,50,22,17,24,33,23,20,44
2013-04-07,24,39,18,33,18,20,23,33,26,18,28,27,13,44,20,14,23,29,18,16,28
2013-04-14,14,32,14,29,16,15,17,27,23,11,23,23,9,38,16,11,17,25,15,11,22
2013-04-21,11,22,12,25,13,11,14,21,20,9,21,18,7,27,14,9,12,21,12,9,22
2013-04-28,8,18,10,21,12,9,9,17,17,6,18,12,5,21,11,7,9,17,10,7,19
2013-05-05,8,14,10,21,9,7,7,14,15,6,15,9,4,17,9,6,7,14,8,6,16
2013-05-12,7,13,10,17,7,6,6,11,12,5,14,8,3,16,9,4,7,12,8,6,13
2013-05-19,9,12,7,16,6,7,6,10,11,8,13,7,3,19,8,3,6,11,7,6,14
2013-05-26,8,18,7,15,6,7,7,9,10,6,12,7,3,23,7,3,6,10,7,8,18
2013-06-02,7,17,6,13,5,6,7,8,9,6,11,7,4,24,6,2,5,9,6,7,15
2013-06-09,6,16,6,11,5,6,6,7,8,5,10,6,3,19,6,2,4,9,6,6,10
2013-06-16,4,14,6,10,4,6,5,6,7,3,8,5,3,15,5,2,4,8,5,4,6
2013-06-23,4,12,6,9,4,5,4,6,7,3,8,5,3,12,5,2,4,8,5,3,5
2013-06-30,3,9,6,9,4,4,4,5,6,3,7,4,2,10,5,2,3,7,4,2,7
2013-07-07,2,8,5,8,4,3,4,5,5,2,6,4,2,9,5,2,3,6,3,2,5
2013-07-14,2,7,4,7,3,3,4,4,5,1,5,3,2,8,4,1,3,6,3,2,4
2013-07-21,1,6,4,6,3,3,3,4,5,1,4,3,1,7,4,1,2,5,2,2,4
2013-07-28,1,5,3,6,3,2,3,4,4,1,4,2,1,7,4,1,2,4,2,2,4
2013-08-04,2,5,3,5,3,2,3,3,4,0,4,2,1,6,4,1,2,4,2,2,4
2013-08-11,2,4,3,5,3,2,3,3,4,1,4,2,1,6,4,1,2,4,2,1,4
2013-08-18,2,4,4,5,2,2,2,3,3,1,4,2,1,6,3,1,2,3,2,2,5
2013-08-25,3,4,4,4,2,2,2,3,3,1,4,2,1,6,3,1,2,3,2,2,6
2013-09-01,3,4,4,4,2,2,2,3,3,1,5,2,2,6,3,1,2,3,2,2,5
2013-09-08,6,5,5,4,2,2,2,3,3,2,5,2,3,9,3,1,3,3,3,3,6
2013-09-15,19,15,7,5,3,4,3,3,3,5,9,3,6,24,3,1,6,4,4,10,23
2013-09-22,32,41,13,6,5,10,10,3,3,14,15,11,12,52,4,3,12,9,6,16,48
2013-09-29,27,43,15,8,8,13,20,5,3,17,27,32,9,53,5,5,13,22,10,18,37
2013-10-06,30,46,19,15,15,12,20,9,5,18,30,23,10,43,8,13,13,30,11,21,40
2013-10-13,31,50,25,24,17,11,21,18,6,20,39,20,14,39,13,11,16,26,11,23,46
2013-10-20,20,41,19,21,14,12,20,21,8,13,33,18,9,33,14,9,12,22,10,20,29
2013-10-27,19,35,17,20,13,13,15,20,12,12,27,15,7,30,12,8,10,18,12,13,28
2013-11-03,21,30,17,20,14,11,16,19,14,14,25,13,9,29,11,7,9,17,12,17,29
2013-11-10,25,31,16,18,13,12,19,17,14,17,29,13,10,33,11,6,11,15,13,20,38
2013-11-17,35,31,25,17,13,19,23,16,13,22,35,16,16,48,12,7,19,15,15,23,51
2013-11-24,45,34,31,19,17,24,23,18,14,31,47,22,20,47,14,10,23,18,18,34,52
2013-12-01,55,43,33,21,19,25,32,21,13,39,56,28,22,62,18,17,29,25,23,38,75
2013-12-08,68,52,47,27,23,29,34,22,15,52,62,34,25,72,26,19,30,39,23,47,110
2013-12-15,80,54,59,33,24,30,32,30,19,62,65,56,32,87,27,23,34,49,25,67,112
2013-12-22,107,66,60,48,29,30,36,33,21,68,113,57,42,97,33,31,36,57,24,120,153
2013-12-29,114,93,72,58,36,53,43,39,25,63,129,53,48,97,34,34,51,54,28,106,145
2014-01-05,78,70,58,61,38,35,40,47,32,44,97,47,38,85,38,32,39,48,33,76,103
2014-01-12,70,55,54,57,34,33,36,49,35,40,72,43,28,69,38,23,36,38,31,85,98
2014-01-19,119,73,101,64,35,50,37,45,40,68,98,53,44,94,40,25,45,35,36,106,184
2014-01-26,178,92,106,91,51,54,72,50,47,116,176,77,66,119,55,37,58,47,48,180,282
2014-02-02,286,115,121,135,76,88,97,85,68,164,228,96,96,146,72,64,101,82,82,255,452
2014-02-09,371,142,146,184,106,97,99,130,93,258,336,152,123,170,92,105,104,97,99,405,491
2014-02-16,341,176,101,183,112,121,121,165,103,194,76,119,117,167,92,124,115,125,95,353,463
2014-02-23,191,113,49,150,94,120,91,153,91,103,213,102,73,119,72,94,85,101,63,189,364
2014-03-02,95,89,33,114,64,55,52,116,76,54,118,87,37,72,57,55,52,59,36,118,180
2014-03-09,54,65,28,78,46,51,34,76,57,38,73,51,22,50,43,30,35,41,27,86,74
2014-03-16,36,41,28,54,29,33,28,50,42,30,48,31,15,39,35,21,23,29,20,32,40
2014-03-23,25,30,23,39,23,19,21,36,33,22,36,26,8,34,26,15,20,25,16,24,28
2014-03-30,20,27,20,27,18,18,17,27,26,18,25,17,6,38,21,13,17,24,12,20,25
2014-04-06,17,28,14,21,14,14,14,20,23,14,24,18,5,38,18,12,14,21,11,13,22
2014-04-13,14,23,11,19,11,12,10,17,19,11,22,17,4,36,14,11,12,18,9,11,21
2014-04-20,11,21,9,17,10,12,10,15,17,9,24,16,5,31,13,8,10,17,8,11,19
2014-04-27,10,17,8,17,9,10,8,14,16,8,23,15,4,27,12,6,8,16,7,9,21
2014-05-04,7,15,7,16,8,9,7,12,13,5,20,13,4,24,11,5,8,13,6,7,15
2014-05-11,6,13,7,14,7,7,6,10,11,5,15,11,4,20,10,4,7,12,6,6,12
2014-05-18,5,12,6,12,7,6,5,9,10,4,13,10,3,19,8,4,6,10,5,5,10
2014-05-25,6,11,6,12,6,5,5,9,9,4,11,9,3,17,8,3,6,10,5,4,10
2014-06-01,5,10,6,12,6,5,4,8,9,4,11,8,3,16,7,3,6,9,5,4,11
2014-06-08,3,9,6,11,5,5,4,7,8,3,9,7,2,15,6,3,5,8,5,4,9
2014-06-15,3,8,5,11,5,5,4,7,8,2,8,6,2,13,5,2,5,8,4,4,6
2014-06-22,2,8,5,10,4,4,4,6,7,1,7,5,2,12,5,2,4,7,4,2,4
2014-06-29,2,7,4,9,4,3,3,6,6,2,7,5,2,11,4,2,3,7,4,2,4
2014-07-06,3,6,4,9,4,3,3,5,6,2,6,4,1,10,4,2,3,6,3,2,4
2014-07-13,3,6,3,8,3,3,3,5,6,2,6,4,1,10,4,1,2,6,3,2,4
2014-07-20,2,6,3,8,3,3,3,5,5,2,6,3,1,9,4,1,2,5,3,2,5
2014-07-27,2,6,3,8,3,2,3,4,5,2,5,3,1,8,4,1,2,5,3,2,4
2014-08-03,2,5,2,8,3,2,3,4,5,2,5,3,1,8,3,1,2,5,3,3,4
2014-08-10,3,6,3,8,3,3,3,4,5,3,5,3,1,8,3,1,2,5,2,2,4
2014-08-17,4,6,3,8,3,3,3,3,5,4,6,2,1,8,3,1,2,4,2,3,5
2014-08-24,3,6,3,7,3,3,3,3,4,4,6,2,1,10,3,1,2,4,2,3,5
2014-08-31,3,7,4,7,2,3,3,3,4,3,6,2,1,11,3,1,2,4,2,3,6
2014-09-07,5,9,4,7,2,3,3,3,4,5,6,2,2,15,3,1,2,4,2,3,6
2014-09-14,10,10,5,7,3,4,4,3,4,10,7,3,2,17,3,1,3,5,2,5,11
2014-09-21,17,14,7,8,3,5,6,3,4,17,10,4,3,24,3,1,4,5,3,11,27
2014-09-28,20,20,10,10,4,9,9,4,4,19,12,6,6,32,4,1,11,6,3,12,35
2014-10-05,26,28,16,11,8,12,13,5,5,28,20,14,7,40,4,2,17,7,6,13,36
2014-10-12,26,35,16,13,11,14,14,9,5,28,23,18,7,42,7,4,16,10,9,16,31
2014-10-19,25,35,16,16,15,15,15,13,6,26,26,20,6,38,9,6,15,15,11,18,37
2014-10-26,23,34,14,17,14,14,16,20,7,25,26,25,6,39,11,7,14,18,12,22,35
2014-11-02,25,33,14,21,13,14,16,22,9,24,26,23,7,36,12,8,14,20,12,25,46
2014-11-09,24,35,15,22,12,12,14,21,14,26,27,24,7,32,12,9,14,23,12,20,36
2014-11-16,32,36,19,20,13,12,13,22,18,36,28,22,8,39,13,9,14,24,13,27,43
2014-11-23,38,42,20,20,13,15,14,23,18,41,28,24,11,55,13,10,18,24,12,26,52
2014-11-30,58,54,23,21,15,18,16,29,18,70,34,33,12,65,13,11,21,29,15,40,76
2014-12-07,78,69,37,27,19,31,24,30,21,84,40,41,17,105,20,14,29,36,17,57,84
2014-12-14,113,95,53,29,24,43,46,41,25,107,76,56,29,129,33,25,38,48,27,85,128
2014-12-21,173,131,79,47,33,65,63,52,27,175,113,85,43,180,51,52,63,58,48,148,200
2014-12-28,250,172,127,67,40,78,88,74,31,267,158,119,63,180,70,98,81,94,75,203,244
2015-01-04,164,146,86,85,44,66,82,96,39,151,131,100,50,167,72,113,64,96,77,146,169
2015-01-11,191,125,82,93,50,76,73,92,44,185,99,82,57,141,69,113,60,102,88,192,191
2015-01-18,470,213,208,117,73,139,150,109,56,464,226,116,128,206,100,129,149,140,157,347,368
2015-01-25,1374,450,424,260,161,358,437,368,101,1356,454,313,325,364,246,435,368,340,393,884,843
2015-02-01,2333,555,579,434,335,672,667,926,245,2238,799,424,463,463,331,776,607,438,565,1837,1648
2015-02-08,2509,648,650,449,508,701,931,967,329,2319,1036,435,540,545,292,833,615,680,736,2369,1774
2015-02-15,2191,771,652,430,568,582,1053,1119,441,1945,923,403,461,634,280,869,427,687,710,2492,1175
2015-02-22,943,513,291,358,372,294,423,815,397,877,505,298,179,406,200,524,208,404,323,892,697
2015-03-01,247,215,101,217,158,109,165,360,251,213,244,161,67,169,123,192,79,189,130,249,282
2015-03-08,102,113,54,138,86,64,72,208,166,89,143,98,45,99,78,79,53,100,63,81,132
2015-03-15,58,73,35,97,53,42,38,99,99,54,88,69,23,71,48,42,34,64,38,38,90
2015-03-22,43,54,26,72,37,34,24,64,73,42,57,53,16,52,43,24,30,43,25,27,67
2015-03-29,30,42,23,51,26,31,18,47,54,24,43,42,15,46,32,17,32,31,19,21,43
2015-04-05,26,34,21,42,20,28,16,34,43,21,34,38,14,44,29,13,26,27,16,15,44
2015-04-12,15,30,16,34,16,20,14,27,33,14,26,28,11,39,26,10,17,22,13,13,29
2015-04-19,9,24,12,27,13,15,11,22,28,7,22,22,8,32,21,8,11,18,11,10,20
2015-04-26,7,20,9,23,11,10,10,18,24,6,17,17,5,27,18,7,9,16,8,9,14
2015-05-03,6,18,7,19,10,8,8,15,20,5,14,13,4,22,15,6,7,14,7,8,12
2015-05-10,5,15,6,16,8,6,7,12,17,4,12,11,3,19,12,5,7,12,6,6,10
2015-05-17,6,15,6,14,7,6,6,11,15,6,11,9,3,18,11,4,7,11,5,5,10
2015-05-24,6,13,6,13,6,5,5,10,13,6,10,8,3,18,10,4,7,10,5,5,15
2015-05-31,5,12,7,12,5,5,4,9,12,6,9,9,3,17,9,3,6,9,5,5,15
2015-06-07,5,10,7,11,5,5,4,8,10,4,9,8,3,18,8,3,6,8,4,4,11
2015-06-14,4,10,7,11,4,4,4,8,9,3,9,8,3,17,7,3,6,7,4,3,8
2015-06-21,2,9,6,10,4,4,4,6,9,2,9,7,2,17,6,3,5,6,4,2,6
2015-06-28,1,9,5,9,4,4,3,6,8,1,9,6,2,14,6,2,4,6,3,2,4
2015-07-05,1,8,4,8,3,3,3,5,7,1,7,5,1,12,5,2,3,6,3,1,4
2015-07-12,1,7,4,8,3,3,3,5,7,1,7,5,1,10,5,2,3,5,3,1,3
2015-07-19,1,6,3,8,3,3,2,5,6,1,6,4,1,9,4,2,3,5,3,1,3
2015-07-26,2,6,3,7,3,2,2,5,6,2,6,4,1,8,4,2,2,4,2,1,3
2015-08-02,1,5,3,7,2,2,2,4,5,1,5,4,1,8,4,2,2,4,2,1,3
2015-08-09,2,5,3,7,2,2,2,4,5,1,5,3,1,7,4,1,2,4,2,1,3